1 -14.6676 -14.6676 2 1 
1.01766 -14.4684 -14.4684 1 1 
1.0266 -14.3688 -14.3688 1 1 
1.03563 -14.2692 -14.2692 1 1 
1.04473 -14.1696 -14.1696 1 1 
1.05391 -14.07 -14.07 1 1 
1.06317 -13.9704 -13.9704 1 1 
1.07251 -13.8709 -13.8709 1 1 
1.08193 -13.7713 -13.7713 1 1 
1.09144 -13.6718 -13.6718 1 1 
1.10103 -13.5722 -13.5722 1 1 
1.1107 -13.4727 -13.4727 1 1 
1.12045 -13.3732 -13.3732 1 1 
1.13029 -13.2737 -13.2737 1 1 
1.14022 -13.1742 -13.1742 1 1 
1.15023 -13.0747 -13.0747 1 1 
1.16033 -12.9752 -12.9752 1 1 
1.17051 -12.8757 -12.8757 1 1 
1.18079 -12.7762 -12.7762 1 1 
1.19115 -12.6768 -12.6768 1 1 
1.20161 -12.5773 -12.5773 1 1 
1.21215 -12.4779 -12.4779 1 1 
1.22279 -12.3784 -12.3784 1 1 
1.23352 -12.279 -12.279 1 1 
1.24434 -12.1796 -12.1796 1 1 
1.25526 -12.0802 -12.0802 1 1 
1.26627 -11.9808 -11.9808 1 1 
1.27737 -11.8814 -11.8814 1 1 
1.28857 -11.7821 -11.7821 1 1 
1.29987 -11.6827 -11.6827 1 1 
1.31127 -11.5833 -11.5833 1 1 
1.32276 -11.484 -11.484 1 1 
1.33436 -11.3847 -11.3847 1 1 
1.34605 -11.2854 -11.2854 1 1 
1.35785 -11.1861 -11.1861 1 1 
1.36975 -11.0868 -11.0868 1 1 
1.38175 -10.9875 -10.9875 1 1 
1.39385 -10.8882 -10.8882 1 1 
1.40606 -10.789 -10.789 1 1 
1.41837 -10.6897 -10.6897 1 1 
1.43079 -10.5905 -10.5905 1 1 
1.44332 -10.4913 -10.4913 1 1 
1.45596 -10.3921 -10.3921 1 1 
1.4687 -10.2929 -10.2929 1 1 
1.48155 -10.1938 -10.1938 1 1 
1.49452 -10.0946 -10.0946 1 1 
1.50759 -9.99546 -9.99546 1 1 
1.52078 -9.89633 -9.89633 1 1 
1.53408 -9.79722 -9.79722 1 1 
1.5475 -9.69813 -9.69813 1 1 
1.56103 -9.59904 -9.59904 1 1 
1.57468 -9.49998 -9.49998 1 1 
1.58844 -9.40093 -9.40093 1 1 
1.60232 -9.3019 -9.3019 1 1 
1.61632 -9.20289 -9.20289 1 1 
1.63044 -9.10389 -9.10389 1 1 
1.64469 -9.00491 -9.00491 1 1 
1.65905 -8.90594 -8.90594 1 1 
1.67354 -8.807 -8.807 1 1 
1.68815 -8.70807 -8.70807 1 1 
1.70288 -8.60916 -8.60916 1 1 
1.71774 -8.51027 -8.51027 1 1 
1.73273 -8.4114 -8.4114 1 1 
1.74784 -8.31255 -8.31255 1 1 
1.76309 -8.21372 -8.21372 1 1 
1.77846 -8.11491 -8.11491 1 1 
1.79397 -8.01612 -8.01612 1 1 
1.8096 -7.91735 -7.91735 1 1 
1.82537 -7.8186 -7.8186 1 1 
1.84128 -7.71987 -7.71987 1 1 
1.85731 -7.62117 -7.62117 1 1 
1.87349 -7.52248 -7.52248 1 1 
1.8898 -7.42382 -7.42382 1 1 
1.90625 -7.32519 -7.32519 1 1 
1.92284 -7.22657 -7.22657 1 1 
1.93957 -7.12798 -7.12798 1 1 
1.95644 -7.02941 -7.02941 1 1 
1.97345 -6.93087 -6.93087 1 1 
1.99061 -6.83235 -6.83235 1 1 
2.00791 -6.73386 -6.73386 1 1 
2.02536 -6.6354 -6.6354 1 1 
2.04295 -6.53696 -6.53696 1 1 
2.06069 -6.43854 -6.43854 1 1 
2.07858 -6.34016 -6.34016 1 1 
2.09663 -6.2418 -6.2418 1 1 
2.11482 -6.14347 -6.14347 1 1 
2.13316 -6.04516 -6.04516 1 1 
2.15166 -5.94689 -5.94689 1 1 
2.17032 -5.84864 -5.84864 1 1 
2.18913 -5.75043 -5.75043 1 1 
2.20809 -5.65224 -5.65224 1 1 
2.22722 -5.55409 -5.55409 1 1 
2.2465 -5.45597 -5.45597 1 1 
2.26595 -5.35788 -5.35788 1 1 
2.28556 -5.25982 -5.25982 1 1 
2.30533 -5.16179 -5.16179 1 1 
2.32526 -5.0638 -5.0638 1 1 
2.34536 -4.96584 -4.96584 1 1 
2.36563 -4.86791 -4.86791 1 1 
2.38606 -4.77002 -4.77002 1 1 
2.40667 -4.67217 -4.67217 1 1 
2.42744 -4.57435 -4.57435 1 1 
2.44839 -4.47657 -4.47657 1 1 
2.46951 -4.37882 -4.37882 1 1 
2.4908 -4.28112 -4.28112 1 1 
2.51226 -4.18345 -4.18345 1 1 
2.53391 -4.08582 -4.08582 1 1 
2.55573 -3.98823 -3.98823 1 1 
2.57773 -3.89068 -3.89068 1 1 
2.59991 -3.79317 -3.79317 1 1 
2.62227 -3.6957 -3.6957 1 1 
2.64481 -3.59828 -3.59828 1 1 
2.66754 -3.50089 -3.50089 1 1 
2.69045 -3.40355 -3.40355 1 1 
2.71355 -3.30626 -3.30626 1 1 
2.73683 -3.20901 -3.20901 1 1 
2.76031 -3.1118 -3.1118 1 1 
2.78397 -3.01464 -3.01464 1 1 
2.80783 -2.91753 -2.91753 1 1 
2.83188 -2.82046 -2.82046 1 1 
2.85612 -2.72344 -2.72344 1 1 
2.88055 -2.62648 -2.62648 1 1 
2.90519 -2.52956 -2.52956 1 1 
2.93002 -2.43269 -2.43269 1 1 
2.95505 -2.33587 -2.33587 1 1 
2.98028 -2.23911 -2.23911 1 1 
3.00571 -2.1424 -2.1424 1 1 
3.03134 -2.04574 -2.04574 1 1 
3.05718 -1.94913 -1.94913 1 1 
3.08322 -1.85258 -1.85258 1 1 
3.10947 -1.75609 -1.75609 1 1 
3.13592 -1.65965 -1.65965 1 1 
3.16259 -1.56327 -1.56327 1 1 
3.18946 -1.46695 -1.46695 1 1 
3.21655 -1.37069 -1.37069 1 1 
3.24384 -1.27449 -1.27449 1 1 
3.27135 -1.17834 -1.17834 1 1 
3.29908 -1.08227 -1.08227 1 1 
3.32702 -0.986248 -0.986248 1 1 
3.35518 -0.890295 -0.890295 1 1 
3.38356 -0.794405 -0.794405 1 1 
3.41215 -0.698581 -0.698581 1 1 
3.44097 -0.602823 -0.602823 1 1 
3.47001 -0.507132 -0.507132 1 1 
3.49927 -0.411509 -0.411509 1 1 
3.52876 -0.315955 -0.315955 1 1 
3.55847 -0.22047 -0.22047 1 1 
3.5884 -0.125056 -0.125056 1 1 
3.61856 -0.0297135 -0.0297135 1 1 
3.64895 0.0655567 0.0655567 1 1 
3.67957 0.160754 0.160754 1 1 
3.71042 0.255876 0.255876 1 1 
3.7415 0.350924 0.350924 1 1 
3.77281 0.445896 0.445896 1 1 
3.80436 0.54079 0.54079 1 1 
3.83613 0.635607 0.635607 1 1 
3.86814 0.730346 0.730346 1 1 
3.90039 0.825005 0.825005 1 1 
3.93287 0.919583 0.919583 1 1 
3.96558 1.01408 1.01408 1 1 
3.99853 1.1085 1.1085 1 1 
4.03172 1.20283 1.20283 1 1 
4.06514 1.29708 1.29708 1 1 
4.0988 1.39124 1.39124 1 1 
4.1327 1.48532 1.48532 1 1 
4.16683 1.57932 1.57932 1 1 
4.2012 1.67322 1.67322 1 1 
4.23581 1.76705 1.76705 1 1 
4.27065 1.86078 1.86078 1 1 
4.30573 1.95443 1.95443 1 1 
4.34104 2.04798 2.04798 1 1 
4.37658 2.14145 2.14145 1 1 
4.41236 2.23484 2.23484 1 1 
4.44836 2.32813 2.32813 1 1 
4.4846 2.42133 2.42133 1 1 
4.52106 2.51445 2.51445 1 1 
4.55774 2.60748 2.60748 1 1 
4.59465 2.70042 2.70042 1 1 
4.63178 2.79327 2.79327 1 1 
4.66912 2.88604 2.88604 1 1 
4.70667 2.97872 2.97872 1 1 
4.74442 3.07132 3.07132 1 1 
4.78238 3.16383 3.16383 1 1 
4.82054 3.25627 3.25627 1 1 
4.85889 3.34862 3.34862 1 1 
4.89741 3.4409 3.4409 1 1 
4.93612 3.53311 3.53311 1 1 
4.97499 3.62524 3.62524 1 1 
5.01402 3.71731 3.71731 1 1 
5.05319 3.80932 3.80932 1 1 
5.0925 3.90127 3.90127 1 1 
5.13193 3.99317 3.99317 1 1 
5.17147 4.08502 4.08502 1 1 
5.2111 4.17683 4.17683 1 1 
5.2508 4.26861 4.26861 1 1 
5.29056 4.36036 4.36036 1 1 
5.33036 4.4521 4.4521 1 1 
5.37016 4.54384 4.54384 1 1 
5.40995 4.63558 4.63558 1 1 
5.4497 4.72734 4.72734 1 1 
5.48937 4.81913 4.81913 1 1 
5.52893 4.91097 4.91097 1 1 
5.56834 5.00287 5.00287 1 1 
5.60756 5.09486 5.09486 1 1 
5.64654 5.18694 5.18694 1 1 
5.68523 5.27914 5.27914 1 1 
5.72358 5.37149 5.37149 1 1 
5.76151 5.46401 5.46401 1 1 
5.79897 5.55672 5.55672 1 1 
5.83586 5.64965 5.64965 1 1 
5.87211 5.74283 5.74283 1 1 
5.90763 5.83629 5.83629 1 1 
5.9423 5.93006 5.93006 1 1 
5.97602 6.02418 6.02418 1 1 
6.00864 6.11867 6.11867 1 1 
6.04005 6.21357 6.21357 1 1 
6.07007 6.30891 6.30891 1 1 
6.09855 6.40471 6.40471 1 1 
6.12529 6.501 6.501 1 1 
6.15011 6.59779 6.59779 1 1 
6.1728 6.69509 6.69509 1 1 
6.19312 6.79289 6.79289 1 1 
6.21085 6.89117 6.89117 1 1 
6.22576 6.9899 6.9899 1 1 
6.2376 7.08901 7.08901 1 1 
6.24616 7.18843 7.18843 1 1 
6.25122 7.28805 7.28805 2 1 
6.25266 7.37526 7.37526 2 1 
6.25075 7.47492 7.47492 2 1 
6.24497 7.57439 7.57439 2 1 
6.23529 7.6735 7.6735 2 1 
6.22174 7.77211 7.77211 2 1 
6.20442 7.87008 7.87008 2 1 
6.18349 7.96729 7.96729 2 1 
6.15915 8.06366 8.06366 2 1 
6.13165 8.15912 8.15912 2 1 
6.10129 8.25367 8.25367 2 1 
6.06836 8.34732 8.34732 2 1 
6.03319 8.44011 8.44011 2 1 
5.99609 8.53211 8.53211 2 1 
5.95739 8.62342 8.62342 2 1 
5.91742 8.71415 8.71415 2 1 
5.87648 8.80442 8.80442 2 1 
5.83487 8.89438 8.89438 2 1 
5.79291 8.98415 8.98415 2 1 
5.75088 9.07389 9.07389 2 1 
5.70906 9.16372 9.16372 2 1 
5.66776 9.2538 9.2538 2 1 
5.62724 9.34423 9.34423 2 1 
5.58779 9.43515 9.43515 2 1 
5.54968 9.52666 9.52666 2 1 
5.51319 9.61884 9.61884 2 1 
5.47858 9.71178 9.71178 2 1 
5.44612 9.80553 9.80553 2 1 
5.41605 9.90011 9.90011 2 1 
5.38859 9.99552 9.99552 2 1 
5.36396 10.0917 10.0917 2 1 
5.34233 10.1887 10.1887 2 1 
5.32384 10.2864 10.2864 2 1 
5.3086 10.3847 10.3847 2 1 
5.29669 10.4836 10.4836 2 1 
5.28812 10.5828 10.5828 2 1 
5.28289 10.6823 10.6823 2 1 
5.28094 10.7819 10.7819 2 1 
5.28092 10.7922 10.7922 2 1 
5.28251 10.8919 10.8919 2 1 
5.28717 10.9915 10.9915 2 1 
5.2948 11.091 11.091 2 1 
5.30524 11.1903 11.1903 2 1 
5.31834 11.2893 11.2893 2 1 
5.33395 11.3879 11.3879 2 1 
5.35192 11.4862 11.4862 2 1 
5.37208 11.584 11.584 2 1 
5.39429 11.6814 11.6814 2 1 
5.41841 11.7784 11.7784 2 1 
5.43151 11.8281 11.8281 2 1 
5.45828 11.9244 11.9244 1 1 
5.48664 12.0203 12.0203 1 1 
5.51648 12.1157 12.1157 1 1 
5.54769 12.2106 12.2106 1 1 
5.58019 12.3052 12.3052 1 1 
5.61389 12.3993 12.3993 1 1 
5.6487 12.493 12.493 1 1 
5.68456 12.5864 12.5864 1 1 
5.72139 12.6793 12.6793 1 1 
5.75914 12.7719 12.7719 1 1 
5.79775 12.8642 12.8642 1 1 
5.83717 12.9561 12.9561 1 1 
5.87735 13.0476 13.0476 1 1 
5.91826 13.1389 13.1389 1 1 
5.95985 13.2298 13.2298 1 1 
6.0021 13.3204 13.3204 1 1 
6.04496 13.4108 13.4108 1 1 
6.08842 13.5008 13.5008 1 1 
6.13243 13.5906 13.5906 1 1 
6.17699 13.6802 13.6802 1 1 
6.22207 13.7694 13.7694 1 1 
6.26765 13.8584 13.8584 1 1 
6.3137 13.9472 13.9472 1 1 
6.36023 14.0357 14.0357 1 1 
6.4072 14.124 14.124 1 1 
6.4546 14.212 14.212 1 1 
6.50243 14.2999 14.2999 1 1 
6.55068 14.3875 14.3875 1 1 
6.59932 14.4748 14.4748 1 1 
6.64835 14.562 14.562 1 1 
6.69777 14.6489 14.6489 1 1 
6.74756 14.7356 14.7356 1 1 
6.79771 14.8222 14.8222 1 1 
6.84823 14.9085 14.9085 1 1 
6.8991 14.9945 14.9945 1 1 
6.95032 15.0804 15.0804 1 1 
7.00188 15.1661 15.1661 1 1 
7.05377 15.2516 15.2516 1 1 
7.106 15.3369 15.3369 1 1 
7.15856 15.4219 15.4219 1 1 
7.21145 15.5068 15.5068 1 1 
7.26465 15.5915 15.5915 1 1 
7.31817 15.676 15.676 1 1 
7.37201 15.7602 15.7602 1 1 
7.42616 15.8443 15.8443 1 1 
7.48061 15.9282 15.9282 1 1 
7.53538 16.0118 16.0118 1 1 
7.59045 16.0953 16.0953 1 1 
7.64581 16.1786 16.1786 1 1 
7.70148 16.2617 16.2617 1 1 
7.75745 16.3445 16.3445 1 1 
7.81371 16.4272 16.4272 1 1 
7.87026 16.5097 16.5097 1 1 
7.92711 16.592 16.592 1 1 
7.98424 16.674 16.674 1 1 
8.04167 16.7559 16.7559 1 1 
8.09938 16.8376 16.8376 1 1 
8.15738 16.919 16.919 1 1 
8.21566 17.0003 17.0003 1 1 
8.27422 17.0813 17.0813 1 1 
8.33306 17.1622 17.1622 1 1 
8.39219 17.2428 17.2428 1 1 
8.45159 17.3233 17.3233 1 1 
8.51127 17.4035 17.4035 1 1 
8.57122 17.4836 17.4836 1 1 
8.63145 17.5634 17.5634 1 1 
8.69196 17.643 17.643 1 1 
8.75273 17.7224 17.7224 1 1 
8.81378 17.8016 17.8016 1 1 
8.87509 17.8806 17.8806 1 1 
8.93667 17.9594 17.9594 1 1 
8.99852 18.038 18.038 1 1 
9.06064 18.1164 18.1164 1 1 
9.12302 18.1945 18.1945 1 1 
9.18567 18.2725 18.2725 1 1 
9.24857 18.3502 18.3502 1 1 
9.31174 18.4277 18.4277 1 1 
9.37517 18.505 18.505 1 1 
9.43885 18.5821 18.5821 1 1 
9.5028 18.659 18.659 1 1 
9.567 18.7357 18.7357 1 1 
9.63145 18.8121 18.8121 1 1 
9.69616 18.8884 18.8884 1 1 
9.76112 18.9644 18.9644 1 1 
9.82633 19.0402 19.0402 1 1 
9.8918 19.1158 19.1158 1 1 
9.95751 19.1912 19.1912 1 1 
10.0235 19.2664 19.2664 1 1 
10.0897 19.3413 19.3413 1 1 
10.1561 19.416 19.416 1 1 
10.2228 19.4905 19.4905 1 1 
10.2897 19.5648 19.5648 1 1 
10.3569 19.6389 19.6389 1 1 
10.4243 19.7128 19.7128 1 1 
10.492 19.7864 19.7864 1 1 
10.5599 19.8598 19.8598 1 1 
10.628 19.933 19.933 1 1 
10.6964 20.006 20.006 1 1 
10.765 20.0788 20.0788 1 1 
10.8338 20.1513 20.1513 1 1 
10.9029 20.2237 20.2237 1 1 
10.9722 20.2958 20.2958 1 1 
11.0417 20.3676 20.3676 1 1 
11.1114 20.4393 20.4393 1 1 
11.1814 20.5108 20.5108 1 1 
11.2516 20.582 20.582 1 1 
11.322 20.653 20.653 1 1 
11.3926 20.7238 20.7238 1 1 
11.4635 20.7944 20.7944 1 1 
11.5345 20.8647 20.8647 1 1 
11.6058 20.9348 20.9348 1 1 
11.6773 21.0047 21.0047 1 1 
11.749 21.0744 21.0744 1 1 
11.821 21.1439 21.1439 1 1 
11.8931 21.2131 21.2131 1 1 
11.9655 21.2822 21.2822 1 1 
12.038 21.351 21.351 1 1 
12.1108 21.4196 21.4196 1 1 
12.1838 21.4879 21.4879 1 1 
12.257 21.5561 21.5561 1 1 
12.3303 21.624 21.624 1 1 
12.4039 21.6918 21.6918 1 1 
12.4777 21.7593 21.7593 1 1 
12.5517 21.8265 21.8265 1 1 
12.6259 21.8936 21.8936 1 1 
12.7002 21.9604 21.9604 1 1 
12.7748 22.0271 22.0271 1 1 
12.8496 22.0935 22.0935 1 1 
12.9245 22.1597 22.1597 1 1 
12.9997 22.2257 22.2257 1 1 
13.075 22.2914 22.2914 1 1 
13.1505 22.357 22.357 1 1 
13.2262 22.4223 22.4223 1 1 
13.3021 22.4874 22.4874 1 1 
13.3782 22.5523 22.5523 1 1 
13.4544 22.617 22.617 1 1 
13.5309 22.6815 22.6815 1 1 
13.6075 22.7458 22.7458 1 1 
13.6843 22.8098 22.8098 1 1 
13.7613 22.8737 22.8737 1 1 
13.8384 22.9373 22.9373 1 1 
13.9157 23.0007 23.0007 1 1 
13.9932 23.0639 23.0639 1 1 
14.0709 23.1269 23.1269 1 1 
14.1487 23.1897 23.1897 1 1 
14.2267 23.2523 23.2523 1 1 
14.3049 23.3146 23.3146 1 1 
14.3832 23.3768 23.3768 1 1 
14.4617 23.4387 23.4387 1 1 
14.5404 23.5005 23.5005 1 1 
14.6192 23.562 23.562 1 1 
14.6982 23.6233 23.6233 1 1 
14.7774 23.6844 23.6844 1 1 
14.8567 23.7454 23.7454 1 1 
14.9361 23.8061 23.8061 1 1 
15.0158 23.8666 23.8666 1 1 
15.0955 23.9269 23.9269 1 1 
15.1754 23.987 23.987 1 1 
15.2555 24.0469 24.0469 1 1 
15.3358 24.1066 24.1066 1 1 
15.4161 24.1661 24.1661 1 1 
15.4967 24.2254 24.2254 1 1 
15.5773 24.2845 24.2845 1 1 
15.6581 24.3433 24.3433 1 1 
15.7391 24.402 24.402 1 1 
15.8202 24.4605 24.4605 1 1 
15.9015 24.5188 24.5188 1 1 
15.9828 24.5769 24.5769 1 1 
16.0644 24.6349 24.6349 1 1 
16.146 24.6926 24.6926 1 1 
16.2278 24.7501 24.7501 1 1 
16.3098 24.8074 24.8074 1 1 
16.3919 24.8645 24.8645 1 1 
16.4741 24.9215 24.9215 1 1 
16.5564 24.9782 24.9782 1 1 
16.6389 25.0348 25.0348 1 1 
16.7215 25.0911 25.0911 1 1 
16.8042 25.1473 25.1473 1 1 
16.8871 25.2033 25.2033 1 1 
16.9701 25.2591 25.2591 1 1 
17.0532 25.3147 25.3147 1 1 
17.1364 25.3701 25.3701 1 1 
17.2198 25.4253 25.4253 1 1 
17.3033 25.4804 25.4804 1 1 
17.3869 25.5352 25.5352 1 1 
17.4706 25.5899 25.5899 1 1 
17.5545 25.6444 25.6444 1 1 
17.6384 25.6987 25.6987 1 1 
17.7225 25.7528 25.7528 1 1 
17.8067 25.8068 25.8068 1 1 
17.891 25.8605 25.8605 1 1 
17.9755 25.9141 25.9141 1 1 
18.06 25.9675 25.9675 1 1 
18.1447 26.0208 26.0208 1 1 
18.2294 26.0738 26.0738 1 1 
18.3143 26.1267 26.1267 1 1 
18.3993 26.1794 26.1794 1 1 
18.4844 26.2319 26.2319 1 1 
18.5696 26.2842 26.2842 1 1 
18.6549 26.3364 26.3364 1 1 
18.7403 26.3884 26.3884 1 1 
18.8259 26.4402 26.4402 1 1 
18.9115 26.4919 26.4919 1 1 
18.9972 26.5433 26.5433 1 1 
19.0831 26.5947 26.5947 1 1 
19.169 26.6458 26.6458 1 1 
19.255 26.6968 26.6968 1 1 
19.3412 26.7476 26.7476 1 1 
19.4274 26.7982 26.7982 1 1 
19.5137 26.8487 26.8487 1 1 
19.6002 26.899 26.899 1 1 
19.6867 26.9491 26.9491 1 1 
19.7733 26.9991 26.9991 1 1 
19.86 27.0489 27.0489 1 1 
19.9468 27.0985 27.0985 1 1 
20.0337 27.148 27.148 1 1 
20.1207 27.1973 27.1973 1 1 
20.2078 27.2464 27.2464 1 1 
20.295 27.2954 27.2954 1 1 
20.3823 27.3443 27.3443 1 1 
20.4696 27.3929 27.3929 1 1 
20.5571 27.4415 27.4415 1 1 
20.6446 27.4898 27.4898 1 1 
20.7322 27.538 27.538 1 1 
20.8199 27.5861 27.5861 1 1 
20.9077 27.6339 27.6339 1 1 
20.9956 27.6817 27.6817 1 1 
21.0835 27.7293 27.7293 1 1 
21.1716 27.7767 27.7767 1 1 
21.2597 27.824 27.824 1 1 
21.3479 27.8711 27.8711 1 1 
21.4362 27.918 27.918 1 1 
21.5245 27.9649 27.9649 1 1 
21.613 28.0115 28.0115 1 1 
21.7015 28.058 28.058 1 1 
21.7901 28.1044 28.1044 1 1 
21.8788 28.1506 28.1506 1 1 
21.9675 28.1967 28.1967 1 1 
22.0564 28.2426 28.2426 1 1 
22.1453 28.2884 28.2884 1 1 
22.2342 28.3341 28.3341 1 1 
22.3233 28.3796 28.3796 1 1 
22.4124 28.4249 28.4249 1 1 
22.5016 28.4701 28.4701 1 1 
22.5909 28.5152 28.5152 1 1 
22.6802 28.5601 28.5601 1 1 
22.7697 28.6049 28.6049 1 1 
22.8591 28.6495 28.6495 1 1 
22.9487 28.694 28.694 1 1 
23.0383 28.7384 28.7384 1 1 
23.128 28.7826 28.7826 1 1 
23.2178 28.8267 28.8267 1 1 
23.3076 28.8706 28.8706 1 1 
23.3975 28.9144 28.9144 1 1 
23.4874 28.9581 28.9581 1 1 
23.5775 29.0017 29.0017 1 1 
23.6676 29.0451 29.0451 1 1 
23.7577 29.0883 29.0883 1 1 
23.8479 29.1315 29.1315 1 1 
23.9382 29.1745 29.1745 1 1 
24.0285 29.2173 29.2173 1 1 
24.119 29.2601 29.2601 1 1 
24.2094 29.3027 29.3027 1 1 
24.2999 29.3452 29.3452 1 1 
24.3905 29.3875 29.3875 1 1 
24.4812 29.4297 29.4297 1 1 
24.5719 29.4718 29.4718 1 1 
24.6627 29.5138 29.5138 1 1 
24.7535 29.5556 29.5556 1 1 
24.8444 29.5973 29.5973 1 1 
24.9353 29.6389 29.6389 1 1 
25.0263 29.6804 29.6804 1 1 
25.1174 29.7217 29.7217 1 1 
25.2085 29.7629 29.7629 1 1 
25.2997 29.804 29.804 1 1 
25.3909 29.845 29.845 1 1 
25.4822 29.8858 29.8858 1 1 
25.5735 29.9265 29.9265 1 1 
25.6649 29.9671 29.9671 1 1 
25.7563 30.0076 30.0076 1 1 
25.8478 30.048 30.048 1 1 
25.9394 30.0882 30.0882 1 1 
26.031 30.1283 30.1283 1 1 
26.1226 30.1683 30.1683 1 1 
26.2143 30.2082 30.2082 1 1 
26.3061 30.248 30.248 1 1 
26.3979 30.2876 30.2876 1 1 
26.4897 30.3272 30.3272 1 1 
26.5816 30.3666 30.3666 1 1 
26.6736 30.4059 30.4059 1 1 
26.7656 30.4451 30.4451 1 1 
26.8576 30.4842 30.4842 1 1 
26.9497 30.5231 30.5231 1 1 
27.0419 30.562 30.562 1 1 
27.1341 30.6007 30.6007 1 1 
27.2263 30.6393 30.6393 1 1 
27.3186 30.6778 30.6778 1 1 
27.4109 30.7162 30.7162 1 1 
27.5033 30.7545 30.7545 1 1 
27.5957 30.7927 30.7927 1 1 
27.6882 30.8308 30.8308 1 1 
27.7807 30.8687 30.8687 1 1 
27.8733 30.9066 30.9066 1 1 
27.9659 30.9443 30.9443 1 1 
28.0585 30.982 30.982 1 1 
28.1512 31.0195 31.0195 1 1 
28.244 31.057 31.057 1 1 
28.3367 31.0943 31.0943 1 1 
28.4295 31.1315 31.1315 1 1 
28.5224 31.1686 31.1686 1 1 
28.6153 31.2056 31.2056 1 1 
28.7082 31.2425 31.2425 1 1 
28.8012 31.2793 31.2793 1 1 
28.8942 31.316 31.316 1 1 
28.9873 31.3526 31.3526 1 1 
29.0804 31.3891 31.3891 1 1 
29.1736 31.4255 31.4255 1 1 
29.2667 31.4618 31.4618 1 1 
29.36 31.498 31.498 1 1 
29.4532 31.5341 31.5341 1 1 
29.5465 31.5701 31.5701 1 1 
29.6398 31.606 31.606 1 1 
29.7332 31.6418 31.6418 1 1 
29.8266 31.6775 31.6775 1 1 
29.9201 31.7131 31.7131 1 1 
30.0136 31.7486 31.7486 1 1 
30.1071 31.784 31.784 1 1 
30.2006 31.8193 31.8193 1 1 
30.2942 31.8545 31.8545 1 1 
30.3879 31.8896 31.8896 1 1 
30.4815 31.9247 31.9247 1 1 
30.5752 31.9596 31.9596 1 1 
30.669 31.9944 31.9944 1 1 
30.7627 32.0292 32.0292 1 1 
30.8565 32.0638 32.0638 1 1 
30.9504 32.0984 32.0984 1 1 
31.0443 32.1329 32.1329 1 1 
31.1382 32.1672 32.1672 1 1 
31.2321 32.2015 32.2015 1 1 
31.3261 32.2357 32.2357 1 1 
31.4201 32.2698 32.2698 1 1 
31.5141 32.3038 32.3038 1 1 
31.6082 32.3377 32.3377 1 1 
31.7023 32.3716 32.3716 1 1 
31.7964 32.4053 32.4053 1 1 
31.8906 32.439 32.439 1 1 
31.9848 32.4725 32.4725 1 1 
32.079 32.506 32.506 1 1 
32.1733 32.5394 32.5394 1 1 
32.2676 32.5727 32.5727 1 1 
32.3619 32.6059 32.6059 1 1 
32.4562 32.6391 32.6391 1 1 
32.5506 32.6721 32.6721 1 1 
32.645 32.7051 32.7051 1 1 
32.7395 32.738 32.738 1 1 
32.8339 32.7708 32.7708 1 1 
32.9284 32.8035 32.8035 1 1 
33.023 32.8361 32.8361 1 1 
33.1175 32.8686 32.8686 1 1 
33.2121 32.9011 32.9011 1 1 
33.3067 32.9335 32.9335 1 1 
33.4014 32.9658 32.9658 1 1 
33.496 32.998 32.998 1 1 
33.5907 33.0301 33.0301 1 1 
33.6855 33.0622 33.0622 1 1 
33.7802 33.0941 33.0941 1 1 
33.875 33.126 33.126 1 1 
33.9698 33.1578 33.1578 1 1 
34.0646 33.1896 33.1896 1 1 
34.1595 33.2212 33.2212 1 1 
34.2544 33.2528 33.2528 1 1 
34.3493 33.2843 33.2843 1 1 
34.4442 33.3157 33.3157 1 1 
34.5392 33.347 33.347 1 1 
34.6342 33.3783 33.3783 1 1 
34.7292 33.4094 33.4094 1 1 
34.8242 33.4406 33.4406 1 1 
34.9193 33.4716 33.4716 1 1 
35.0144 33.5025 33.5025 1 1 
35.1095 33.5334 33.5334 1 1 
35.2046 33.5642 33.5642 1 1 
35.2998 33.5949 33.5949 1 1 
35.395 33.6256 33.6256 1 1 
35.4902 33.6561 33.6561 1 1 
35.5854 33.6866 33.6866 1 1 
35.6807 33.7171 33.7171 1 1 
35.776 33.7474 33.7474 1 1 
35.8713 33.7777 33.7777 1 1 
35.9666 33.8079 33.8079 1 1 
36.062 33.838 33.838 1 1 
36.1573 33.8681 33.8681 1 1 
36.2527 33.8981 33.8981 1 1 
36.3482 33.928 33.928 1 1 
36.4436 33.9579 33.9579 1 1 
36.5391 33.9876 33.9876 1 1 
36.6346 34.0173 34.0173 1 1 
36.7301 34.047 34.047 1 1 
36.8256 34.0765 34.0765 1 1 
36.9211 34.106 34.106 1 1 
37.0167 34.1354 34.1354 1 1 
37.1123 34.1648 34.1648 1 1 
37.2079 34.1941 34.1941 1 1 
37.3036 34.2233 34.2233 1 1 
37.3992 34.2524 34.2524 1 1 
37.4949 34.2815 34.2815 1 1 
37.5906 34.3105 34.3105 1 1 
37.6863 34.3395 34.3395 1 1 
37.7821 34.3684 34.3684 1 1 
37.8778 34.3972 34.3972 1 1 
37.9736 34.4259 34.4259 1 1 
38.0694 34.4546 34.4546 1 1 
38.1652 34.4832 34.4832 1 1 
38.2611 34.5117 34.5117 1 1 
38.3569 34.5402 34.5402 1 1 
38.4528 34.5686 34.5686 1 1 
38.5487 34.597 34.597 1 1 
38.6446 34.6253 34.6253 1 1 
38.7406 34.6535 34.6535 1 1 
38.8365 34.6816 34.6816 1 1 
38.9325 34.7097 34.7097 1 1 
39.0285 34.7377 34.7377 1 1 
39.1245 34.7657 34.7657 1 1 
39.2205 34.7936 34.7936 1 1 
39.3166 34.8214 34.8214 1 1 
39.4126 34.8492 34.8492 1 1 
39.5087 34.8769 34.8769 1 1 
39.6048 34.9046 34.9046 1 1 
39.7009 34.9322 34.9322 1 1 
39.7971 34.9597 34.9597 1 1 
39.8932 34.9872 34.9872 1 1 
39.9894 35.0146 35.0146 1 1 
40.0856 35.0419 35.0419 1 1 
40.1818 35.0692 35.0692 1 1 
40.278 35.0964 35.0964 1 1 
40.3743 35.1236 35.1236 1 1 
40.4705 35.1507 35.1507 1 1 
40.5668 35.1777 35.1777 1 1 
40.6631 35.2047 35.2047 1 1 
40.7594 35.2316 35.2316 1 1 
40.8557 35.2585 35.2585 1 1 
40.952 35.2853 35.2853 1 1 
41.0484 35.312 35.312 1 1 
41.1448 35.3387 35.3387 1 1 
41.2412 35.3654 35.3654 1 1 
41.3376 35.3919 35.3919 1 1 
41.434 35.4185 35.4185 1 1 
41.5304 35.4449 35.4449 1 1 
41.6269 35.4713 35.4713 1 1 
41.7233 35.4977 35.4977 1 1 
41.8198 35.5239 35.5239 1 1 
41.9163 35.5502 35.5502 1 1 
42.0128 35.5764 35.5764 1 1 
42.1094 35.6025 35.6025 1 1 
42.2059 35.6285 35.6285 1 1 
42.3025 35.6545 35.6545 1 1 
42.399 35.6805 35.6805 1 1 
42.4956 35.7064 35.7064 1 1 
42.5922 35.7322 35.7322 1 1 
42.6889 35.758 35.758 1 1 
42.7855 35.7838 35.7838 1 1 
42.8821 35.8094 35.8094 1 1 
42.9788 35.8351 35.8351 1 1 
43.0755 35.8606 35.8606 1 1 
43.1722 35.8862 35.8862 1 1 
43.2689 35.9116 35.9116 1 1 
43.3656 35.937 35.937 1 1 
43.4623 35.9624 35.9624 1 1 
43.5591 35.9877 35.9877 1 1 
43.6558 36.0129 36.0129 1 1 
43.7526 36.0382 36.0382 1 1 
43.8494 36.0633 36.0633 1 1 
43.9462 36.0884 36.0884 1 1 
44.043 36.1134 36.1134 1 1 
44.1398 36.1384 36.1384 1 1 
44.2367 36.1634 36.1634 1 1 
44.3335 36.1883 36.1883 1 1 
44.4304 36.2131 36.2131 1 1 
44.5273 36.2379 36.2379 1 1 
44.6241 36.2626 36.2626 1 1 
44.721 36.2873 36.2873 1 1 
44.818 36.312 36.312 1 1 
44.9149 36.3365 36.3365 1 1 
45.0118 36.3611 36.3611 1 1 
45.1088 36.3856 36.3856 1 1 
45.2058 36.41 36.41 1 1 
45.3027 36.4344 36.4344 1 1 
45.3997 36.4587 36.4587 1 1 
45.4967 36.483 36.483 1 1 
45.5938 36.5073 36.5073 1 1 
45.6908 36.5315 36.5315 1 1 
45.7878 36.5556 36.5556 1 1 
45.8849 36.5797 36.5797 1 1 
45.9819 36.6038 36.6038 1 1 
46.079 36.6278 36.6278 1 1 
46.1761 36.6517 36.6517 1 1 
46.2732 36.6756 36.6756 1 1 
46.3703 36.6995 36.6995 1 1 
46.4674 36.7233 36.7233 1 1 
46.5646 36.7471 36.7471 1 1 
46.6617 36.7708 36.7708 1 1 
46.7589 36.7945 36.7945 1 1 
46.8561 36.8181 36.8181 1 1 
46.9532 36.8417 36.8417 1 1 
47.0504 36.8652 36.8652 1 1 
47.1476 36.8887 36.8887 1 1 
47.2448 36.9121 36.9121 1 1 
47.3421 36.9355 36.9355 1 1 
47.4393 36.9589 36.9589 1 1 
47.5365 36.9822 36.9822 1 1 
47.6338 37.0055 37.0055 1 1 
47.7311 37.0287 37.0287 1 1 
47.8283 37.0518 37.0518 1 1 
47.9256 37.075 37.075 1 1 
48.0229 37.0981 37.0981 1 1 
48.1202 37.1211 37.1211 1 1 
48.2176 37.1441 37.1441 1 1 
48.3149 37.167 37.167 1 1 
48.4122 37.1899 37.1899 1 1 
48.5096 37.2128 37.2128 1 1 
48.607 37.2356 37.2356 1 1 
48.7043 37.2584 37.2584 1 1 
48.8017 37.2811 37.2811 1 1 
48.8991 37.3038 37.3038 1 1 
48.9965 37.3265 37.3265 1 1 
49.0939 37.3491 37.3491 1 1 
49.1913 37.3716 37.3716 1 1 
49.2888 37.3942 37.3942 1 1 
49.3862 37.4166 37.4166 1 1 
49.4837 37.4391 37.4391 1 1 
49.5811 37.4615 37.4615 1 1 
49.6786 37.4838 37.4838 1 1 
49.7761 37.5061 37.5061 1 1 
49.8736 37.5284 37.5284 1 1 
49.9711 37.5506 37.5506 1 1 
50.0686 37.5728 37.5728 1 1 
50.1661 37.595 37.595 1 1 
50.2636 37.6171 37.6171 1 1 
50.3611 37.6391 37.6391 1 1 
50.4587 37.6611 37.6611 1 1 
50.5562 37.6831 37.6831 1 1 
50.6538 37.7051 37.7051 1 1 
50.7514 37.727 37.727 1 1 
50.849 37.7488 37.7488 1 1 
50.9465 37.7707 37.7707 1 1 
51.0441 37.7924 37.7924 1 1 
51.1417 37.8142 37.8142 1 1 
51.2394 37.8359 37.8359 1 1 
51.337 37.8575 37.8575 1 1 
51.4346 37.8792 37.8792 1 1 
51.5323 37.9008 37.9008 1 1 
51.6299 37.9223 37.9223 1 1 
51.7276 37.9438 37.9438 1 1 
51.8252 37.9653 37.9653 1 1 
51.9229 37.9867 37.9867 1 1 
52.0206 38.0081 38.0081 1 1 
52.1183 38.0295 38.0295 1 1 
52.216 38.0508 38.0508 1 1 
52.3137 38.072 38.072 1 1 
52.4114 38.0933 38.0933 1 1 
52.5092 38.1145 38.1145 1 1 
52.6069 38.1357 38.1357 1 1 
52.7046 38.1568 38.1568 1 1 
52.8024 38.1779 38.1779 1 1 
52.9001 38.1989 38.1989 1 1 
52.9979 38.2199 38.2199 1 1 
53.0957 38.2409 38.2409 1 1 
53.1935 38.2619 38.2619 1 1 
53.2913 38.2828 38.2828 1 1 
53.3891 38.3036 38.3036 1 1 
53.4869 38.3245 38.3245 1 1 
53.5847 38.3452 38.3452 1 1 
53.6825 38.366 38.366 1 1 
53.7803 38.3867 38.3867 1 1 
53.8782 38.4074 38.4074 1 1 
53.976 38.4281 38.4281 1 1 
54.0739 38.4487 38.4487 1 1 
54.1717 38.4693 38.4693 1 1 
54.2696 38.4898 38.4898 1 1 
54.3675 38.5103 38.5103 1 1 
54.4654 38.5308 38.5308 1 1 
54.5632 38.5512 38.5512 1 1 
54.6611 38.5716 38.5716 1 1 
54.759 38.592 38.592 1 1 
54.857 38.6123 38.6123 1 1 
54.9549 38.6326 38.6326 1 1 
55.0528 38.6529 38.6529 1 1 
55.1507 38.6731 38.6731 1 1 
55.2487 38.6933 38.6933 1 1 
55.3466 38.7135 38.7135 1 1 
55.4446 38.7336 38.7336 1 1 
55.5425 38.7537 38.7537 1 1 
55.6405 38.7737 38.7737 1 1 
55.7385 38.7938 38.7938 1 1 
55.8365 38.8137 38.8137 1 1 
55.9344 38.8337 38.8337 1 1 
56.0324 38.8536 38.8536 1 1 
56.1304 38.8735 38.8735 1 1 
56.2285 38.8934 38.8934 1 1 
56.3265 38.9132 38.9132 1 1 
56.4245 38.933 38.933 1 1 
56.5225 38.9527 38.9527 1 1 
56.6206 38.9725 38.9725 1 1 
56.7186 38.9921 38.9921 1 1 
56.8166 39.0118 39.0118 1 1 
56.9147 39.0314 39.0314 1 1 
57.0128 39.051 39.051 1 1 
57.1108 39.0706 39.0706 1 1 
57.2089 39.0901 39.0901 1 1 
57.307 39.1096 39.1096 1 1 
57.4051 39.1291 39.1291 1 1 
57.5032 39.1485 39.1485 1 1 
57.6013 39.1679 39.1679 1 1 
57.6994 39.1873 39.1873 1 1 
57.7975 39.2066 39.2066 1 1 
57.8956 39.2259 39.2259 1 1 
57.9937 39.2452 39.2452 1 1 
58.0919 39.2644 39.2644 1 1 
58.19 39.2836 39.2836 1 1 
58.2881 39.3028 39.3028 1 1 
58.3863 39.322 39.322 1 1 
58.4845 39.3411 39.3411 1 1 
58.5826 39.3602 39.3602 1 1 
58.6808 39.3792 39.3792 1 1 
58.779 39.3982 39.3982 1 1 
58.8771 39.4172 39.4172 1 1 
58.9753 39.4362 39.4362 1 1 
59.0735 39.4551 39.4551 1 1 
59.1717 39.474 39.474 1 1 
59.2699 39.4929 39.4929 1 1 
59.3681 39.5117 39.5117 1 1 
59.4663 39.5306 39.5306 1 1 
59.5646 39.5493 39.5493 1 1 
59.6628 39.5681 39.5681 1 1 
59.761 39.5868 39.5868 1 1 
59.8592 39.6055 39.6055 1 1 
59.9575 39.6242 39.6242 1 1 
60.0557 39.6428 39.6428 1 1 
60.154 39.6614 39.6614 1 1 
60.2523 39.68 39.68 1 1 
60.3505 39.6985 39.6985 1 1 
60.4488 39.7171 39.7171 1 1 
60.5471 39.7355 39.7355 1 1 
60.6453 39.754 39.754 1 1 
60.7436 39.7724 39.7724 1 1 
60.8419 39.7908 39.7908 1 1 
60.9402 39.8092 39.8092 1 1 
61.0385 39.8276 39.8276 1 1 
61.1368 39.8459 39.8459 1 1 
61.2351 39.8642 39.8642 1 1 
61.3335 39.8824 39.8824 1 1 
61.4318 39.9006 39.9006 1 1 
61.5301 39.9188 39.9188 1 1 
61.6285 39.937 39.937 1 1 
61.7268 39.9552 39.9552 1 1 
61.8251 39.9733 39.9733 1 1 
61.9235 39.9914 39.9914 1 1 
62.0218 40.0094 40.0094 1 1 
62.1202 40.0275 40.0275 1 1 
62.2186 40.0455 40.0455 1 1 
62.3169 40.0635 40.0635 1 1 
62.4153 40.0814 40.0814 1 1 
62.5137 40.0993 40.0993 1 1 
62.6121 40.1172 40.1172 1 1 
62.7105 40.1351 40.1351 1 1 
62.8089 40.1529 40.1529 1 1 
62.9073 40.1708 40.1708 1 1 
63.0057 40.1886 40.1886 1 1 
63.1041 40.2063 40.2063 1 1 
63.2025 40.2241 40.2241 1 1 
63.3009 40.2418 40.2418 1 1 
63.3993 40.2594 40.2594 1 1 
63.4978 40.2771 40.2771 1 1 
63.5962 40.2947 40.2947 1 1 
63.6946 40.3123 40.3123 1 1 
63.7931 40.3299 40.3299 1 1 
63.8915 40.3475 40.3475 1 1 
63.99 40.365 40.365 1 1 
64.0884 40.3825 40.3825 1 1 
64.1869 40.4 40.4 1 1 
64.2854 40.4174 40.4174 1 1 
64.3838 40.4348 40.4348 1 1 
64.4823 40.4522 40.4522 1 1 
64.5808 40.4696 40.4696 1 1 
64.6793 40.4869 40.4869 1 1 
64.7778 40.5042 40.5042 1 1 
64.8763 40.5215 40.5215 1 1 
64.9748 40.5388 40.5388 1 1 
65.0733 40.556 40.556 1 1 
65.1718 40.5733 40.5733 1 1 
65.2703 40.5904 40.5904 1 1 
65.3688 40.6076 40.6076 1 1 
65.4673 40.6248 40.6248 1 1 
65.5658 40.6419 40.6419 1 1 
65.6644 40.659 40.659 1 1 
65.7629 40.676 40.676 1 1 
65.8614 40.6931 40.6931 1 1 
65.96 40.7101 40.7101 1 1 
66.0585 40.7271 40.7271 1 1 
66.1571 40.744 40.744 1 1 
66.2556 40.761 40.761 1 1 
66.3542 40.7779 40.7779 1 1 
66.4528 40.7948 40.7948 1 1 
66.5513 40.8117 40.8117 1 1 
66.6499 40.8285 40.8285 1 1 
66.7485 40.8453 40.8453 1 1 
66.8471 40.8621 40.8621 1 1 
66.9456 40.8789 40.8789 1 1 
67.0442 40.8956 40.8956 1 1 
67.1428 40.9124 40.9124 1 1 
67.2414 40.9291 40.9291 1 1 
67.34 40.9457 40.9457 1 1 
67.4386 40.9624 40.9624 1 1 
67.5372 40.979 40.979 1 1 
67.6358 40.9956 40.9956 1 1 
67.7344 41.0122 41.0122 1 1 
67.8331 41.0288 41.0288 1 1 
67.9317 41.0453 41.0453 1 1 
68.0303 41.0618 41.0618 1 1 
68.129 41.0783 41.0783 1 1 
68.2276 41.0948 41.0948 1 1 
68.3262 41.1112 41.1112 1 1 
68.4249 41.1276 41.1276 1 1 
68.5235 41.144 41.144 1 1 
68.6222 41.1604 41.1604 1 1 
5.43152 11.8281 11.8281 4 58 
5.4318 12.0098 11.6525 3 58 
5.4318 12.1647 11.5148 3 58 
5.4318 12.358 11.3589 4 58 
5.4318 12.3617 11.356 4 58 
5.4318 12.5694 11.2037 4 58 
5.4318 12.7794 11.0635 4 58 
5.4318 12.8795 11.001 4 58 
5.4318 13.1 10.8721 4 58 
5.4318 12.9476 10.96 3 58 
5.4318 13.1703 10.8334 4 58 
5.43179 13.4004 10.7135 4 58 
5.4318 13.636 10.6007 3 58 
5.43179 13.8751 10.4953 4 58 
5.43178 14.1155 10.3973 4 58 
5.43181 14.3781 10.2982 3 58 
5.43179 14.6096 10.217 4 58 
5.43178 14.8057 10.1521 4 58 
5.43177 15.0118 10.0875 4 58 
5.43182 15.1992 10.0316 4 58 
5.43184 15.2986 10.0028 4 58 
5.43175 15.4698 9.9552 3 58 
5.43171 15.5177 9.94227 3 58 
5.43187 15.6038 9.91893 4 58 
5.43168 15.6704 9.9013 4 58 
5.43183 15.7344 9.88498 4 58 
5.4318 15.8007 9.86805 4 58 
5.43179 15.8349 9.85934 4 58 
5.4318 15.8551 9.85426 4 58 
5.43175 15.8621 9.85254 4 58 
5.43169 15.8418 9.85763 4 58 
5.4319 15.8283 9.861 4 58 
5.43182 15.7483 9.87997 4 58 
5.4316 15.7554 9.87859 4 58 
5.43193 15.6953 9.89461 4 58 
5.43197 15.6765 9.89956 4 58 
5.43182 15.5809 9.92515 3 58 
5.43179 15.4009 9.97272 4 58 
5.43179 15.2448 10.0166 4 58 
5.43174 15.1347 10.0515 4 58 
5.43179 14.9384 10.1102 3 58 
5.43184 14.7478 10.17 4 58 
5.43179 14.5263 10.2456 3 58 
5.43181 14.2979 10.3276 3 58 
5.4318 14.0582 10.42 3 58 
5.43177 14.0787 10.4117 4 58 
5.43179 14.329 10.3161 4 58 
5.43184 14.5626 10.233 3 58 
5.43177 14.8673 10.1325 4 58 
5.43181 15.0856 10.0651 4 58 
5.43183 15.1941 10.033 3 58 
5.43182 15.3797 9.98009 4 58 
5.43182 15.3935 9.97624 4 58 
5.43177 15.5053 9.94557 4 58 
5.43177 15.5582 9.93087 4 58 
5.43185 15.6614 9.90393 4 58 
5.43175 15.7358 9.88465 4 58 
5.43181 15.7907 9.87052 4 58 
5.43181 15.8277 9.86115 4 58 
5.43181 15.8516 9.85516 4 58 
5.43192 15.8568 9.85198 4 58 
5.43182 15.8637 9.85124 4 58 
5.43176 15.8671 9.8509 4 58 
5.43175 15.8705 9.85013 4 58 
5.4318 15.8736 9.84964 4 58 
5.43181 15.8741 9.84948 4 58 
5.43178 15.8731 9.84954 4 58 
5.43182 15.8733 9.84943 4 58 
5.43146 15.8712 9.85054 4 58 
5.43175 15.874 9.84963 4 58 
5.43175 15.8741 9.84963 4 58 
5.43181 15.8746 9.84944 4 58 
5.43178 15.8613 9.84955 4 58 
5.43294 15.8819 9.84592 4 58 
5.43086 15.8534 9.85242 4 58 
5.43124 15.8809 9.85125 4 58 
5.43255 15.883 9.84714 4 58 
5.43165 15.8608 9.84996 4 58 
5.43164 15.8909 9.84997 4 58 
5.4315 15.8617 9.85041 4 58 
5.43201 15.8777 9.84883 4 58 
5.43159 15.8755 9.85015 4 58 
5.43217 15.8775 9.84831 4 58 
5.43184 15.8712 9.84937 4 58 
5.43189 15.8747 9.8492 4 58 
5.43172 15.8731 9.84974 4 58 
5.4319 15.8735 9.84916 4 58 
5.43181 15.8743 9.84946 4 58 
5.43186 15.8749 9.8493 4 58 
5.43186 15.8749 9.84929 4 58 
5.4318 15.8721 9.84949 4 58 
5.43184 15.8702 9.84936 4 58 
5.43185 15.8687 9.84933 4 58 
5.4317 15.8729 9.84979 4 58 
5.4319 15.8744 9.84917 4 58 
5.43192 15.8747 9.84911 4 58 
5.42842 15.8238 9.86012 4 58 
5.42985 15.8218 9.85562 4 58 
5.43246 15.8544 9.84742 4 58 
5.43174 15.8634 9.84966 3 58 
5.43185 15.8678 9.84931 4 58 
5.43191 15.8728 9.84913 4 58 
5.43178 15.8724 9.84955 3 58 
5.43186 15.8725 9.8493 4 58 
5.43191 15.8719 9.84915 4 58 
5.43188 15.872 9.84924 4 58 
5.43181 15.8731 9.84944 4 58 
5.43177 15.8734 9.84956 3 58 
5.43185 15.8743 9.84933 4 58 
5.43173 15.8745 9.8497 4 58 
5.43167 15.8718 9.8499 4 58 
5.43181 15.8769 9.84944 4 58 
5.43179 15.8756 9.84952 4 58 
5.43176 15.8733 9.8496 4 58 
5.43182 15.8737 9.84943 4 58 
5.43177 15.8692 9.84958 4 58 
5.43183 15.8708 9.84939 4 58 
5.43274 15.8805 9.84652 4 58 
5.43182 15.8744 9.84942 4 58 
5.43154 15.8717 9.85029 4 58 
5.43119 15.8507 9.8514 4 58 
5.43125 15.8545 9.85121 4 58 
5.43205 15.8693 9.84869 4 58 
5.43182 15.889 9.84941 4 58 
5.43181 15.8871 9.84945 4 58 
5.43178 15.8845 9.84954 4 58 
nan nan nan 4 58 
nan nan nan 4 58 
nan nan nan 4 58 
nan nan nan 4 58 
nan nan nan 4 58 
nan nan nan 4 58 
nan nan nan 4 58 
nan nan nan 4 58 
nan nan nan 4 58 
nan nan nan 4 58 
nan nan nan 4 58 
nan nan nan 4 58 
nan nan nan 4 58 
nan nan nan 4 58 
nan nan nan 4 58 
nan nan nan 4 58 
nan nan nan 4 58 
nan nan nan 4 58 
nan nan nan 4 58 
nan nan nan 4 58 
nan nan nan 4 58 
nan nan nan 4 58 
nan nan nan 4 58 
nan nan nan 4 58 
nan nan nan 4 58 
nan nan nan 4 58 
nan nan nan 4 58 
nan nan nan 4 58 
nan nan nan 4 58 
nan nan nan 4 58 
nan nan nan 4 58 
nan nan nan 4 58 
nan nan nan 4 58 
nan nan nan 4 58 
nan nan nan 4 58 
nan nan nan 4 58 
nan nan nan 4 58 
nan nan nan 4 58 
nan nan nan 4 58 
nan nan nan 4 58 
nan nan nan 4 58 
nan nan nan 4 58 
nan nan nan 4 58 
nan nan nan 4 58 
nan nan nan 4 58 
nan nan nan 4 58 
nan nan nan 4 58 
nan nan nan 4 58 
nan nan nan 4 58 
nan nan nan 4 58 
nan nan nan 4 58 
nan nan nan 4 58 
nan nan nan 4 58 
nan nan nan 4 58 
nan nan nan 4 58 
nan nan nan 4 58 
nan nan nan 4 58 
nan nan nan 4 58 
nan nan nan 4 58 
nan nan nan 4 58 
nan nan nan 4 58 
nan nan nan 4 58 
nan nan nan 4 58 
nan nan nan 4 58 
nan nan nan 4 58 
nan nan nan 4 58 
nan nan nan 4 58 
nan nan nan 4 58 
nan nan nan 4 58 
nan nan nan 4 58 
nan nan nan 4 58 
nan nan nan 4 58 
nan nan nan 4 58 
nan nan nan 4 58 
nan nan nan 4 58 
nan nan nan 4 58 
nan nan nan 4 58 
nan nan nan 4 58 
nan nan nan 4 58 
nan nan nan 4 58 
nan nan nan 4 58 
nan nan nan 4 58 
nan nan nan 4 58 
nan nan nan 4 58 
nan nan nan 4 58 
nan nan nan 4 58 
nan nan nan 4 58 
nan nan nan 4 58 
nan nan nan 4 58 
nan nan nan 4 58 
nan nan nan 4 58 
nan nan nan 4 58 
nan nan nan 4 58 
nan nan nan 4 58 
nan nan nan 4 58 
nan nan nan 4 58 
nan nan nan 4 58 
nan nan nan 4 58 
nan nan nan 4 58 
nan nan nan 4 58 
nan nan nan 4 58 
nan nan nan 4 58 
nan nan nan 4 58 
nan nan nan 4 58 
nan nan nan 4 58 
nan nan nan 4 58 
nan nan nan 4 58 
nan nan nan 4 58 
nan nan nan 4 58 
nan nan nan 4 58 
nan nan nan 4 58 
nan nan nan 4 58 
nan nan nan 4 58 
nan nan nan 4 58 
nan nan nan 4 58 
nan nan nan 4 58 
nan nan nan 4 58 
nan nan nan 4 58 
nan nan nan 4 58 
nan nan nan 4 58 
nan nan nan 4 58 
nan nan nan 4 58 
nan nan nan 4 58 
nan nan nan 4 58 
nan nan nan 4 58 
nan nan nan 4 58 
nan nan nan 4 58 
nan nan nan 4 58 
nan nan nan 4 58 
nan nan nan 4 58 
nan nan nan 4 58 
nan nan nan 4 58 
nan nan nan 4 58 
nan nan nan 4 58 
nan nan nan 4 58 
nan nan nan 4 58 
nan nan nan 4 58 
nan nan nan 4 58 
nan nan nan 4 58 
nan nan nan 4 58 
nan nan nan 4 58 
nan nan nan 4 58 
nan nan nan 4 58 
nan nan nan 4 58 
nan nan nan 4 58 
nan nan nan 4 58 
nan nan nan 4 58 
nan nan nan 4 58 
nan nan nan 4 58 
nan nan nan 4 58 
nan nan nan 4 58 
nan nan nan 4 58 
nan nan nan 4 58 
nan nan nan 4 58 
nan nan nan 4 58 
nan nan nan 4 58 
nan nan nan 4 58 
nan nan nan 4 58 
nan nan nan 4 58 
nan nan nan 4 58 
nan nan nan 4 58 
nan nan nan 4 58 
nan nan nan 4 58 
nan nan nan 4 58 
nan nan nan 4 58 
nan nan nan 4 58 
nan nan nan 4 58 
nan nan nan 4 58 
nan nan nan 4 58 
nan nan nan 4 58 
nan nan nan 4 58 
nan nan nan 4 58 
nan nan nan 4 58 
nan nan nan 4 58 
nan nan nan 4 58 
nan nan nan 4 58 
nan nan nan 4 58 
nan nan nan 4 58 
nan nan nan 4 58 
nan nan nan 4 58 
nan nan nan 4 58 
nan nan nan 4 58 
nan nan nan 4 58 
nan nan nan 4 58 
nan nan nan 4 58 
nan nan nan 4 58 
nan nan nan 4 58 
nan nan nan 4 58 
nan nan nan 4 58 
nan nan nan 4 58 
nan nan nan 4 58 
nan nan nan 4 58 
nan nan nan 4 58 
nan nan nan 4 58 
nan nan nan 4 58 
nan nan nan 4 58 
nan nan nan 4 58 
nan nan nan 4 58 
nan nan nan 4 58 
nan nan nan 4 58 
nan nan nan 4 58 
nan nan nan 4 58 
nan nan nan 4 58 
nan nan nan 4 58 
nan nan nan 4 58 
nan nan nan 4 58 
nan nan nan 4 58 
nan nan nan 4 58 
nan nan nan 4 58 
nan nan nan 4 58 
nan nan nan 4 58 
nan nan nan 4 58 
nan nan nan 4 58 
nan nan nan 4 58 
nan nan nan 4 58 
nan nan nan 4 58 
nan nan nan 4 58 
nan nan nan 4 58 
nan nan nan 4 58 
nan nan nan 4 58 
nan nan nan 4 58 
nan nan nan 4 58 
nan nan nan 4 58 
nan nan nan 4 58 
nan nan nan 4 58 
nan nan nan 4 58 
nan nan nan 4 58 
nan nan nan 4 58 
nan nan nan 4 58 
nan nan nan 4 58 
nan nan nan 4 58 
nan nan nan 4 58 
nan nan nan 4 58 
nan nan nan 4 58 
nan nan nan 4 58 
nan nan nan 4 58 
nan nan nan 4 58 
nan nan nan 4 58 
nan nan nan 4 58 
nan nan nan 4 58 
nan nan nan 4 58 
nan nan nan 4 58 
nan nan nan 4 58 
nan nan nan 4 58 
nan nan nan 4 58 
nan nan nan 4 58 
nan nan nan 4 58 
nan nan nan 4 58 
nan nan nan 4 58 
nan nan nan 4 58 
nan nan nan 4 58 
nan nan nan 4 58 
nan nan nan 4 58 
nan nan nan 4 58 
nan nan nan 4 58 
nan nan nan 4 58 
nan nan nan 4 58 
nan nan nan 4 58 
nan nan nan 4 58 
nan nan nan 4 58 
nan nan nan 4 58 
nan nan nan 4 58 
nan nan nan 4 58 
nan nan nan 4 58 
nan nan nan 4 58 
nan nan nan 4 58 
nan nan nan 4 58 
nan nan nan 4 58 
nan nan nan 4 58 
nan nan nan 4 58 
nan nan nan 4 58 
nan nan nan 4 58 
nan nan nan 4 58 
nan nan nan 4 58 
nan nan nan 4 58 
nan nan nan 4 58 
nan nan nan 4 58 
nan nan nan 4 58 
nan nan nan 4 58 
nan nan nan 4 58 
nan nan nan 4 58 
nan nan nan 4 58 
nan nan nan 4 58 
nan nan nan 4 58 
nan nan nan 4 58 
nan nan nan 4 58 
nan nan nan 4 58 
nan nan nan 4 58 
nan nan nan 4 58 
nan nan nan 4 58 
nan nan nan 4 58 
nan nan nan 4 58 
nan nan nan 4 58 
nan nan nan 4 58 
nan nan nan 4 58 
nan nan nan 4 58 
nan nan nan 4 58 
nan nan nan 4 58 
nan nan nan 4 58 
nan nan nan 4 58 
nan nan nan 4 58 
nan nan nan 4 58 
nan nan nan 4 58 
nan nan nan 4 58 
nan nan nan 4 58 
nan nan nan 4 58 
nan nan nan 4 58 
nan nan nan 4 58 
nan nan nan 4 58 
nan nan nan 4 58 
nan nan nan 4 58 
nan nan nan 4 58 
nan nan nan 4 58 
nan nan nan 4 58 
nan nan nan 4 58 
nan nan nan 4 58 
nan nan nan 4 58 
nan nan nan 4 58 
nan nan nan 4 58 
nan nan nan 4 58 
nan nan nan 4 58 
nan nan nan 4 58 
nan nan nan 4 58 
nan nan nan 4 58 
nan nan nan 4 58 
nan nan nan 4 58 
nan nan nan 4 58 
nan nan nan 4 58 
nan nan nan 4 58 
nan nan nan 4 58 
nan nan nan 4 58 
nan nan nan 4 58 
nan nan nan 4 58 
nan nan nan 4 58 
nan nan nan 4 58 
nan nan nan 4 58 
nan nan nan 4 58 
nan nan nan 4 58 
nan nan nan 4 58 
nan nan nan 4 58 
nan nan nan 4 58 
nan nan nan 4 58 
nan nan nan 4 58 
nan nan nan 4 58 
nan nan nan 4 58 
nan nan nan 4 58 
nan nan nan 4 58 
nan nan nan 4 58 
nan nan nan 4 58 
nan nan nan 4 58 
nan nan nan 4 58 
nan nan nan 4 58 
nan nan nan 4 58 
nan nan nan 4 58 
nan nan nan 4 58 
nan nan nan 4 58 
nan nan nan 4 58 
nan nan nan 4 58 
nan nan nan 4 58 
nan nan nan 4 58 
nan nan nan 4 58 
nan nan nan 4 58 
nan nan nan 4 58 
nan nan nan 4 58 
nan nan nan 4 58 
nan nan nan 4 58 
nan nan nan 4 58 
nan nan nan 4 58 
nan nan nan 4 58 
nan nan nan 4 58 
nan nan nan 4 58 
nan nan nan 4 58 
nan nan nan 4 58 
nan nan nan 4 58 
nan nan nan 4 58 
nan nan nan 4 58 
nan nan nan 4 58 
nan nan nan 4 58 
nan nan nan 4 58 
nan nan nan 4 58 
nan nan nan 4 58 
nan nan nan 4 58 
nan nan nan 4 58 
nan nan nan 4 58 
nan nan nan 4 58 
nan nan nan 4 58 
nan nan nan 4 58 
nan nan nan 4 58 
nan nan nan 4 58 
nan nan nan 4 58 
nan nan nan 4 58 
nan nan nan 4 58 
nan nan nan 4 58 
nan nan nan 4 58 
nan nan nan 4 58 
nan nan nan 4 58 
nan nan nan 4 58 
nan nan nan 4 58 
nan nan nan 4 58 
nan nan nan 4 58 
nan nan nan 4 58 
nan nan nan 4 58 
nan nan nan 4 58 
nan nan nan 4 58 
nan nan nan 4 58 
nan nan nan 4 58 
nan nan nan 4 58 
nan nan nan 4 58 
nan nan nan 4 58 
nan nan nan 4 58 
nan nan nan 4 58 
nan nan nan 4 58 
nan nan nan 4 58 
nan nan nan 4 58 
nan nan nan 4 58 
nan nan nan 4 58 
nan nan nan 4 58 
nan nan nan 4 58 
nan nan nan 4 58 
nan nan nan 4 58 
nan nan nan 4 58 
nan nan nan 4 58 
nan nan nan 4 58 
nan nan nan 4 58 
nan nan nan 4 58 
nan nan nan 4 58 
nan nan nan 4 58 
nan nan nan 4 58 
nan nan nan 4 58 
nan nan nan 4 58 
nan nan nan 4 58 
nan nan nan 4 58 
nan nan nan 4 58 
nan nan nan 4 58 
nan nan nan 4 58 
nan nan nan 4 58 
nan nan nan 4 58 
nan nan nan 4 58 
nan nan nan 4 58 
nan nan nan 4 58 
nan nan nan 4 58 
nan nan nan 4 58 
nan nan nan 4 58 
nan nan nan 4 58 
nan nan nan 4 58 
nan nan nan 4 58 
nan nan nan 4 58 
nan nan nan 4 58 
nan nan nan 4 58 
nan nan nan 4 58 
nan nan nan 4 58 
nan nan nan 4 58 
nan nan nan 4 58 
nan nan nan 4 58 
nan nan nan 4 58 
nan nan nan 4 58 
nan nan nan 4 58 
nan nan nan 4 58 
nan nan nan 4 58 
nan nan nan 4 58 
nan nan nan 4 58 
nan nan nan 4 58 
nan nan nan 4 58 
nan nan nan 4 58 
nan nan nan 4 58 
nan nan nan 4 58 
nan nan nan 4 58 
nan nan nan 4 58 
nan nan nan 4 58 
nan nan nan 4 58 
nan nan nan 4 58 
nan nan nan 4 58 
nan nan nan 4 58 
nan nan nan 4 58 
nan nan nan 4 58 
nan nan nan 4 58 
nan nan nan 4 58 
nan nan nan 4 58 
nan nan nan 4 58 
nan nan nan 4 58 
nan nan nan 4 58 
nan nan nan 4 58 
nan nan nan 4 58 
nan nan nan 4 58 
nan nan nan 4 58 
nan nan nan 4 58 
nan nan nan 4 58 
nan nan nan 4 58 
nan nan nan 4 58 
nan nan nan 4 58 
nan nan nan 4 58 
nan nan nan 4 58 
nan nan nan 4 58 
nan nan nan 4 58 
nan nan nan 4 58 
nan nan nan 4 58 
nan nan nan 4 58 
nan nan nan 4 58 
nan nan nan 4 58 
nan nan nan 4 58 
nan nan nan 4 58 
nan nan nan 4 58 
nan nan nan 4 58 
nan nan nan 4 58 
nan nan nan 4 58 
nan nan nan 4 58 
nan nan nan 4 58 
nan nan nan 4 58 
nan nan nan 4 58 
nan nan nan 4 58 
nan nan nan 4 58 
nan nan nan 4 58 
nan nan nan 4 58 
nan nan nan 4 58 
nan nan nan 4 58 
nan nan nan 4 58 
nan nan nan 4 58 
nan nan nan 4 58 
nan nan nan 4 58 
nan nan nan 4 58 
nan nan nan 4 58 
nan nan nan 4 58 
nan nan nan 4 58 
nan nan nan 4 58 
nan nan nan 4 58 
nan nan nan 4 58 
nan nan nan 4 58 
nan nan nan 4 58 
nan nan nan 4 58 
nan nan nan 4 58 
nan nan nan 4 58 
nan nan nan 4 58 
nan nan nan 4 58 
nan nan nan 4 58 
nan nan nan 4 58 
nan nan nan 4 58 
nan nan nan 4 58 
nan nan nan 4 58 
nan nan nan 4 58 
nan nan nan 4 58 
nan nan nan 4 58 
nan nan nan 4 58 
nan nan nan 4 58 
nan nan nan 4 58 
nan nan nan 4 58 
nan nan nan 4 58 
nan nan nan 4 58 
nan nan nan 4 58 
nan nan nan 4 58 
nan nan nan 4 58 
nan nan nan 4 58 
nan nan nan 4 58 
nan nan nan 4 58 
nan nan nan 4 58 
nan nan nan 4 58 
nan nan nan 4 58 
nan nan nan 4 58 
nan nan nan 4 58 
nan nan nan 4 58 
nan nan nan 4 58 
nan nan nan 4 58 
nan nan nan 4 58 
nan nan nan 4 58 
nan nan nan 4 58 
nan nan nan 4 58 
nan nan nan 4 58 
nan nan nan 4 58 
nan nan nan 4 58 
nan nan nan 4 58 
nan nan nan 4 58 
nan nan nan 4 58 
nan nan nan 4 58 
nan nan nan 4 58 
nan nan nan 4 58 
nan nan nan 4 58 
nan nan nan 4 58 
nan nan nan 4 58 
nan nan nan 4 58 
nan nan nan 4 58 
nan nan nan 4 58 
nan nan nan 4 58 
nan nan nan 4 58 
nan nan nan 4 58 
nan nan nan 4 58 
nan nan nan 4 58 
nan nan nan 4 58 
nan nan nan 4 58 
nan nan nan 4 58 
nan nan nan 4 58 
nan nan nan 4 58 
nan nan nan 4 58 
nan nan nan 4 58 
nan nan nan 4 58 
nan nan nan 4 58 
nan nan nan 4 58 
nan nan nan 4 58 
nan nan nan 4 58 
nan nan nan 4 58 
nan nan nan 4 58 
nan nan nan 4 58 
nan nan nan 4 58 
nan nan nan 4 58 
nan nan nan 4 58 
nan nan nan 4 58 
nan nan nan 4 58 
nan nan nan 4 58 
nan nan nan 4 58 
nan nan nan 4 58 
nan nan nan 4 58 
nan nan nan 4 58 
nan nan nan 4 58 
nan nan nan 4 58 
nan nan nan 4 58 
nan nan nan 4 58 
nan nan nan 4 58 
nan nan nan 4 58 
nan nan nan 4 58 
nan nan nan 4 58 
nan nan nan 4 58 
nan nan nan 4 58 
nan nan nan 4 58 
nan nan nan 4 58 
nan nan nan 4 58 
nan nan nan 4 58 
nan nan nan 4 58 
nan nan nan 4 58 
nan nan nan 4 58 
nan nan nan 4 58 
nan nan nan 4 58 
nan nan nan 4 58 
nan nan nan 4 58 
nan nan nan 4 58 
nan nan nan 4 58 
nan nan nan 4 58 
nan nan nan 4 58 
nan nan nan 4 58 
nan nan nan 4 58 
nan nan nan 4 58 
nan nan nan 4 58 
nan nan nan 4 58 
nan nan nan 4 58 
nan nan nan 4 58 
nan nan nan 4 58 
nan nan nan 4 58 
nan nan nan 4 58 
nan nan nan 4 58 
nan nan nan 4 58 
nan nan nan 4 58 
nan nan nan 4 58 
nan nan nan 4 58 
nan nan nan 4 58 
nan nan nan 4 58 
nan nan nan 4 58 
nan nan nan 4 58 
nan nan nan 4 58 
nan nan nan 4 58 
nan nan nan 4 58 
nan nan nan 4 58 
nan nan nan 4 58 
nan nan nan 4 58 
nan nan nan 4 58 
nan nan nan 4 58 
nan nan nan 4 58 
nan nan nan 4 58 
nan nan nan 4 58 
nan nan nan 4 58 
nan nan nan 4 58 
nan nan nan 4 58 
nan nan nan 4 58 
nan nan nan 4 58 
nan nan nan 4 58 
nan nan nan 4 58 
nan nan nan 4 58 
nan nan nan 4 58 
nan nan nan 4 58 
nan nan nan 4 58 
nan nan nan 4 58 
nan nan nan 4 58 
nan nan nan 4 58 
nan nan nan 4 58 
nan nan nan 4 58 
nan nan nan 4 58 
nan nan nan 4 58 
nan nan nan 4 58 
nan nan nan 4 58 
nan nan nan 4 58 
nan nan nan 4 58 
nan nan nan 4 58 
nan nan nan 4 58 
nan nan nan 4 58 
nan nan nan 4 58 
nan nan nan 4 58 
nan nan nan 4 58 
nan nan nan 4 58 
nan nan nan 4 58 
nan nan nan 4 58 
nan nan nan 4 58 
nan nan nan 4 58 
nan nan nan 4 58 
nan nan nan 4 58 
nan nan nan 4 58 
nan nan nan 4 58 
nan nan nan 4 58 
nan nan nan 4 58 
nan nan nan 4 58 
nan nan nan 4 58 
nan nan nan 4 58 
nan nan nan 4 58 
nan nan nan 4 58 
nan nan nan 4 58 
nan nan nan 4 58 
nan nan nan 4 58 
nan nan nan 4 58 
nan nan nan 4 58 
nan nan nan 4 58 
nan nan nan 4 58 
nan nan nan 4 58 
nan nan nan 4 58 
nan nan nan 4 58 
nan nan nan 4 58 
nan nan nan 4 58 
nan nan nan 4 58 
nan nan nan 4 58 
nan nan nan 4 58 
nan nan nan 4 58 
nan nan nan 4 58 
nan nan nan 4 58 
nan nan nan 4 58 
nan nan nan 4 58 
nan nan nan 4 58 
nan nan nan 4 58 
nan nan nan 4 58 
nan nan nan 4 58 
nan nan nan 4 58 
nan nan nan 4 58 
nan nan nan 4 58 
nan nan nan 4 58 
nan nan nan 4 58 
nan nan nan 4 58 
nan nan nan 4 58 
nan nan nan 4 58 
nan nan nan 4 58 
nan nan nan 4 58 
nan nan nan 4 58 
nan nan nan 4 58 
nan nan nan 4 58 
nan nan nan 4 58 
nan nan nan 4 58 
nan nan nan 4 58 
nan nan nan 4 58 
nan nan nan 4 58 
nan nan nan 4 58 
nan nan nan 4 58 
nan nan nan 4 58 
nan nan nan 4 58 
nan nan nan 4 58 
nan nan nan 4 58 
nan nan nan 4 58 
nan nan nan 4 58 
nan nan nan 4 58 
nan nan nan 4 58 
nan nan nan 4 58 
nan nan nan 4 58 
nan nan nan 4 58 
nan nan nan 4 58 
nan nan nan 4 58 
nan nan nan 4 58 
nan nan nan 4 58 
nan nan nan 4 58 
nan nan nan 4 58 
nan nan nan 4 58 
nan nan nan 4 58 
nan nan nan 4 58 
nan nan nan 4 58 
nan nan nan 4 58 
nan nan nan 4 58 
nan nan nan 4 58 
nan nan nan 4 58 
nan nan nan 4 58 
nan nan nan 4 58 
nan nan nan 4 58 
nan nan nan 4 58 
nan nan nan 4 58 
nan nan nan 4 58 
nan nan nan 4 58 
nan nan nan 4 58 
nan nan nan 4 58 
nan nan nan 4 58 
nan nan nan 4 58 
nan nan nan 4 58 
nan nan nan 4 58 
nan nan nan 4 58 
nan nan nan 4 58 
nan nan nan 4 58 
nan nan nan 4 58 
nan nan nan 4 58 
nan nan nan 4 58 
nan nan nan 4 58 
nan nan nan 4 58 
nan nan nan 4 58 
nan nan nan 4 58 
nan nan nan 4 58 
nan nan nan 4 58 
nan nan nan 4 58 
nan nan nan 4 58 
nan nan nan 4 58 
nan nan nan 4 58 
nan nan nan 4 58 
nan nan nan 4 58 
nan nan nan 4 58 
nan nan nan 4 58 
nan nan nan 4 58 
nan nan nan 4 58 
nan nan nan 4 58 
nan nan nan 4 58 
nan nan nan 4 58 
nan nan nan 4 58 
nan nan nan 4 58 
nan nan nan 4 58 
nan nan nan 4 58 
nan nan nan 4 58 
nan nan nan 4 58 
nan nan nan 4 58 
nan nan nan 4 58 
nan nan nan 4 58 
nan nan nan 4 58 
nan nan nan 4 58 
nan nan nan 4 58 
nan nan nan 4 58 
nan nan nan 4 58 
nan nan nan 4 58 
nan nan nan 4 58 
nan nan nan 4 58 
nan nan nan 4 58 
nan nan nan 4 58 
nan nan nan 4 58 
nan nan nan 4 58 
nan nan nan 4 58 
nan nan nan 4 58 
nan nan nan 4 58 
nan nan nan 4 58 
nan nan nan 4 58 
nan nan nan 4 58 
nan nan nan 4 58 
nan nan nan 4 58 
nan nan nan 4 58 
nan nan nan 4 58 
nan nan nan 4 58 
nan nan nan 4 58 
nan nan nan 4 58 
nan nan nan 4 58 
nan nan nan 4 58 
nan nan nan 4 58 
nan nan nan 4 58 
nan nan nan 4 58 
nan nan nan 4 58 
nan nan nan 4 58 
nan nan nan 4 58 
nan nan nan 4 58 
nan nan nan 4 58 
nan nan nan 4 58 
nan nan nan 4 58 
nan nan nan 4 58 
nan nan nan 4 58 
nan nan nan 4 58 
nan nan nan 4 58 
nan nan nan 4 58 
nan nan nan 4 58 
nan nan nan 4 58 
nan nan nan 4 58 
nan nan nan 4 58 
nan nan nan 4 58 
nan nan nan 4 58 
nan nan nan 4 58 
